{"entries":[{"file":"frames/sweep_T_t00_clean.png","K":[614.7142806307731,0.0,319.5,0.0,614.7142806307731,319.5,0.0,0.0,1.0],"dist":null,"versions":null,"note":"","candidates":[{"outer":[319.0866394042969,319.0866394042969,385.485595703125,385.51104736328125,135.0],"outer_r":192.75552368164062,"inner":[319.135498046875,319.135498046875,52.968482971191406,53.00736618041992,45.0],"alt":[319.0757141113281,319.0714416503906,333.26165771484375,333.28985595703125,156.803955078125]}],"detections":[{"center":[319.0788879394531,319.0788879394531],"axes":[386.4581604003906,386.45977783203125],"angle":45.0,"tilt_deg":0.21652850253643968,"R":[0.9999954087072582,0.0014288689984504918,-0.0026722458324479814,-0.0014360099144094213,0.9999953984782818,-0.0026722458323453695,0.002668415246824669,0.002676070934791609,0.9999928590767151],"t":[-0.00133934057954629,-0.001339340579577724,3.1812610244600696],"decoded":true,"variant":"T","mode":"ID","value":{"int":42}}]},{"file":"frames/sweep_T_t00_typ.png","K":[614.7142806307731,0.0,319.5,0.0,614.7142806307731,319.5,0.0,0.0,1.0],"dist":null,"versions":null,"note":"","candidates":[{"outer":[319.0966491699219,319.0725402832031,385.374267578125,385.4183654785156,176.8260955810547],"outer_r":192.7091827392578,"inner":[318.9862976074219,319.0304870605469,52.74972152709961,53.21308135986328,42.83169174194336],"alt":[319.0589294433594,319.0596618652344,333.3960876464844,333.4900817871094,24.036029815673828]}],"detections":[{"center":[319.1216735839844,319.0956115722656],"axes":[386.33502197265625,386.4560852050781],"angle":4.362740993499756,"tilt_deg":1.3340266313813776,"R":[0.9997297076958073,-0.00014738180944068286,0.02324843713151416,0.00011877365293776907,0.9999992341362467,0.0012319170992373995,-0.023248600888550006,-0.0012288228197228682,0.9997289595441369],"t":[-0.009263564058733112,-0.0024798712916443487,3.181374899405783],"decoded":true,"variant":"T","mode":"ID","value":{"int":42}}]},{"file":"frames/sweep_T_t00_heavy.png","K":[614.7142806307731,0.0,319.5,0.0,614.7142806307731,319.5,0.0,0.0,1.0],"dist":null,"versions":null,"note":"","candidates":[{"outer":[318.956787109375,319.11187744140625,385.0122375488281,385.2200622558594,1.2225664854049683],"outer_r":192.6100311279297,"inner":[318.8579406738281,319.1299133300781,51.82466506958008,52.67586135864258,166.60214233398438],"alt":[319.13800048828125,319.06475830078125,333.7305603027344,333.88580322265625,46.98365783691406]}],"detections":[{"center":[319.1130676269531,319.0296325683594],"axes":[386.466064453125,386.6431884765625],"angle":159.9236602783203,"tilt_deg":1.6374618946154702,"R":[0.9996457204934178,-0.0020366624588246825,0.026538377968979773,0.0023185421559423864,0.9999411818565688,-0.010595149341078624,-0.02651523828794934,0.010652926044869313,0.9995916452758177],"t":[-0.010343726341996456,0.0008975883138287055,3.1798793553296534],"decoded":true,"variant":"T","mode":"ID","value":{"int":42}}]},{"file":"frames/sweep_T_t15_clean.png","K":[614.7142806307731,0.0,319.5,0.0,614.7142806307731,319.5,0.0,0.0,1.0],"dist":null,"versions":null,"note":"","candidates":[{"outer":[330.7969055175781,306.95758056640625,372.5544128417969,387.0381774902344,134.2648162841797],"outer_r":193.5190887451172,"inner":[319.6950988769531,318.4061584472656,49.638206481933594,52.79660415649414,134.58685302734375],"alt":[327.8066711425781,310.0913391113281,321.5616455078125,334.3233947753906,134.22146606445312]}],"detections":[{"center":[330.80120849609375,306.97027587890625],"axes":[373.51092529296875,387.99822998046875],"angle":133.9896697998047,"tilt_deg":16.518276518983814,"R":[0.9368954662666047,-0.288939897473544,0.19682637256490626,0.3275401490051038,0.9222903764309838,-0.2051777578893696,-0.12224702891602636,0.2566986505433409,0.958729089331513],"t":[-0.001294110740037796,-0.0024963893456998337,3.1813764338197053],"decoded":true,"variant":"T","mode":"ID","value":{"int":42}}]},{"file":"frames/sweep_T_t15_typ.png","K":[614.7142806307731,0.0,319.5,0.0,614.7142806307731,319.5,0.0,0.0,1.0],"dist":null,"versions":null,"note":"","candidates":[{"outer":[330.8116455078125,306.9651794433594,372.531982421875,386.9784240722656,134.21986389160156],"outer_r":193.4892120361328,"inner":[319.84844970703125,318.222900390625,49.77812194824219,52.55039596557617,136.34986877441406],"alt":[327.7808532714844,310.0970764160156,321.7760925292969,334.3836669921875,134.24960327148438]}],"detections":[{"center":[330.8223571777344,306.9863586425781],"axes":[373.54876708984375,387.94122314453125],"angle":134.37496948242188,"tilt_deg":16.469943029211894,"R":[0.934891448917306,-0.2948841331689129,0.19753816529096133,0.3333494094976578,0.9206086383125155,-0.20336643344450692,-0.12188580692132764,0.2559747703770726,0.9589685954198615],"t":[-0.0013976353336296,-0.0029628984783228833,3.1817684208610864],"decoded":true,"variant":"T","mode":"ID","value":{"int":42}}]},{"file":"frames/sweep_T_t15_heavy.png","K":[614.7142806307731,0.0,319.5,0.0,614.7142806307731,319.5,0.0,0.0,1.0],"dist":null,"versions":null,"note":"","candidates":[{"outer":[330.67730712890625,306.9332580566406,372.3177795410156,386.6741638183594,134.5330810546875],"outer_r":193.3370819091797,"inner":[319.9432067871094,318.3735046386719,48.584434509277344,51.89748764038086,128.9895782470703],"alt":[327.8282165527344,310.09588623046875,322.08367919921875,334.6813049316406,133.86900329589844]}],"detections":[{"center":[330.90130615234375,306.8223571777344],"axes":[373.2610168457031,387.991455078125],"angle":133.64102172851562,"tilt_deg":16.66155991629851,"R":[0.9358636172799673,-0.2919376337079968,0.19731119551771642,0.33097985562919263,0.9204221420810883,-0.20802743937889503,-0.12087855483638858,0.25999134291709897,0.9580150711699842],"t":[-0.0008799183268330312,-0.002445781472157626,3.1816463308727867],"decoded":true,"variant":"T","mode":"ID","value":{"int":42}}]},{"file":"frames/sweep_T_t30_clean.png","K":[614.7142806307731,0.0,319.5,0.0,614.7142806307731,319.5,0.0,0.0,1.0],"dist":null,"versions":null,"note":"","candidates":[{"outer":[340.628173828125,301.6365661621094,340.2215576171875,390.61016845703125,141.0069122314453],"outer_r":195.30508422851562,"inner":[320.32183837890625,318.07501220703125,41.54240036010742,52.19881057739258,141.21017456054688],"alt":[334.9950256347656,306.2127990722656,292.3407287597656,336.59796142578125,141.04843139648438]}],"detections":[{"center":[340.6336975097656,301.6176452636719],"axes":[341.06829833984375,391.65130615234375],"angle":141.06173706054688,"tilt_deg":30.761679155019753,"R":[0.7745068429426356,-0.49224765400118237,0.39727999869785036,0.619956527940696,0.7154617553113101,-0.3221309984316571,-0.12567041695939724,0.49578899122226533,0.8593021718138854],"t":[-0.0008205030770557,-0.0030960527655057857,3.1804862592090193],"decoded":true,"variant":"T","mode":"ID","value":{"int":42}}]},{"file":"frames/sweep_T_t30_typ.png","K":[614.7142806307731,0.0,319.5,0.0,614.7142806307731,319.5,0.0,0.0,1.0],"dist":null,"versions":null,"note":"","candidates":[{"outer":[340.6251525878906,301.64788818359375,340.16998291015625,390.5561828613281,141.00775146484375],"outer_r":195.27809143066406,"inner":[320.459716796875,318.2225646972656,41.49082946777344,52.07462692260742,140.8108367919922],"alt":[334.9664611816406,306.22784423828125,292.50311279296875,336.7049560546875,141.0486602783203]}],"detections":[{"center":[340.6413269042969,301.62591552734375],"axes":[341.0994873046875,391.63385009765625],"angle":141.06771850585938,"tilt_deg":30.748399260011816,"R":[0.7698523359070953,-0.49958642860299907,0.3971659366739417,0.6266428537312476,0.709692502026437,-0.32195541063168076,-0.1210211335509096,0.4967393208949303,0.859420695765989],"t":[-0.0007565119585430888,-0.0030977373753381,3.180592292904255],"decoded":true,"variant":"T","mode":"ID","value":{"int":42}}]},{"file":"frames/sweep_T_t30_heavy.png","K":[614.7142806307731,0.0,319.5,0.0,614.7142806307731,319.5,0.0,0.0,1.0],"dist":null,"versions":null,"note":"","candidates":[{"outer":[340.5096130371094,301.65057373046875,339.94287109375,390.3784484863281,141.09072875976562],"outer_r":195.18922424316406,"inner":[320.3728332519531,317.9633483886719,41.22169876098633,51.116981506347656,142.02886962890625],"alt":[335.0211486816406,306.21966552734375,292.9997253417969,336.9884033203125,140.76284790039062]}],"detections":[{"center":[340.7794494628906,301.6661071777344],"axes":[340.9643859863281,391.7326965332031],"angle":140.7747039794922,"tilt_deg":30.81971717817843,"R":[0.7724746121831104,-0.49599653623615714,0.3965733344216272,0.6233603257891226,0.7114784950081042,-0.32437671829692405,-0.12126367042371893,0.49778086261199056,0.8587836369264557],"t":[0.00012507627171817927,-0.002260891622894113,3.1799816434446777],"decoded":true,"variant":"T","mode":"ID","value":{"int":42}}]},{"file":"frames/sweep_T_t45_clean.png","K":[614.7142806307731,0.0,319.5,0.0,614.7142806307731,319.5,0.0,0.0,1.0],"dist":null,"versions":null,"note":"","candidates":[{"outer":[348.59918212890625,305.6316833496094,284.85076904296875,395.687744140625,155.51881408691406],"outer_r":197.8438720703125,"inner":[320.8232421875,318.35107421875,28.504013061523438,49.95339584350586,155.72605895996094],"alt":[340.757080078125,309.2422790527344,243.41824340820312,339.7911071777344,155.45394897460938]}],"detections":[{"center":[348.6439514160156,305.6617126464844],"axes":[285.7324523925781,396.560791015625],"angle":155.48272705078125,"tilt_deg":45.41877660129337,"R":[0.5192486417925916,-0.5574363036061875,0.6478005985011279,0.8458068161061262,0.4437878716566125,-0.2960796426620916,-0.1224405072880982,0.7016531140046087,0.7019196747368383],"t":[0.0003076421892197632,-0.002686432863748999,3.1809940714174205],"decoded":true,"variant":"T","mode":"ID","value":{"int":42}}]},{"file":"frames/sweep_T_t45_typ.png","K":[614.7142806307731,0.0,319.5,0.0,614.7142806307731,319.5,0.0,0.0,1.0],"dist":null,"versions":null,"note":"","candidates":[{"outer":[348.5765075683594,305.6429748535156,284.864013671875,395.64715576171875,155.51170349121094],"outer_r":197.82357788085938,"inner":[320.965087890625,318.4460754394531,28.452777862548828,50.29244613647461,155.69952392578125],"alt":[340.713134765625,309.2170715332031,243.5928955078125,339.91265869140625,155.41021728515625]}],"detections":[{"center":[348.6366271972656,305.66229248046875],"axes":[285.81744384765625,396.6097106933594],"angle":155.4550018310547,"tilt_deg":45.40742941597098,"R":[0.5199851984322987,-0.5570558802023573,0.6475369794407885,0.8452987043763035,0.44459362912549755,-0.2963217935298758,-0.12282301816461669,0.7014451163654906,0.7020607202628116],"t":[0.00026580161395175,-0.0026005608836369605,3.180590208818309],"decoded":true,"variant":"T","mode":"ID","value":{"int":42}}]},{"file":"frames/sweep_T_t45_heavy.png","K":[614.7142806307731,0.0,319.5,0.0,614.7142806307731,319.5,0.0,0.0,1.0],"dist":null,"versions":null,"note":"","candidates":[{"outer":[348.4295349121094,305.66778564453125,284.63385009765625,395.440185546875,155.55288696289062],"outer_r":197.7200927734375,"inner":[320.7600402832031,318.3668212890625,58.66726303100586,84.03162384033203,155.7953643798828],"alt":[340.74578857421875,309.1948547363281,244.06373596191406,340.1779479980469,155.32333374023438]}],"detections":[{"center":[348.708251953125,305.682861328125],"axes":[285.91375732421875,396.6710510253906],"angle":155.44789123535156,"tilt_deg":45.40140109900469,"R":[0.5203284469947851,-0.5568272169625047,0.6474579196347721,0.8450347704795683,0.4450982507379643,-0.2963170327040745,-0.1231849987966812,0.7013066359587624,0.7021356410492674],"t":[0.0005756952661396876,-0.0024729095865259226,3.180106312767361],"decoded":true,"variant":"T","mode":"ID","value":{"int":42}}]},{"file":"frames/sweep_T_t60_clean.png","K":[614.7142806307731,0.0,319.5,0.0,614.7142806307731,319.5,0.0,0.0,1.0],"dist":null,"versions":null,"note":"","candidates":[{"outer":[347.620849609375,315.0301818847656,206.380859375,401.032958984375,172.07009887695312],"outer_r":200.5164794921875,"inner":[320.9175109863281,318.8072509765625,11.507139205932617,37.697898864746094,172.5286407470703],"alt":[339.9389953613281,316.11614990234375,175.75328063964844,342.9198303222656,172.03369140625]}],"detections":[{"center":[347.6312255859375,315.0147705078125],"axes":[207.39520263671875,401.87896728515625],"angle":172.03443908691406,"tilt_deg":60.24991209729386,"R":[0.2064820718149538,-0.4670945712018211,0.8597603244932805,0.9708765392433947,0.20692680238350128,-0.12074785299171392,-0.12150678814689087,0.8596533952757508,0.4962178356579903],"t":[0.0005205772274809778,-0.0026314791503438705,3.1800134523952432],"decoded":true,"variant":"T","mode":"ID","value":{"int":42}}]},{"file":"frames/sweep_T_t60_typ.png","K":[614.7142806307731,0.0,319.5,0.0,614.7142806307731,319.5,0.0,0.0,1.0],"dist":null,"versions":null,"note":"","candidates":[{"outer":[347.56060791015625,315.06097412109375,206.4121856689453,400.93011474609375,172.0897674560547],"outer_r":200.46505737304688,"inner":[320.84735107421875,318.8633728027344,41.13112258911133,84.29791259765625,172.27503967285156],"alt":[339.9923095703125,316.0732421875,175.85523986816406,343.093994140625,172.0094757080078]}],"detections":[{"center":[347.6563720703125,315.0034484863281],"axes":[207.38967895507812,401.8861083984375],"angle":172.0553741455078,"tilt_deg":60.25388637205251,"R":[0.20656707430387508,-0.46691684078259577,0.85983644235816,0.9707580573512119,0.2076532644914443,-0.12045296108335196,-0.12230632813243386,0.8595747701856112,0.4961576126183242],"t":[0.0006405980062707568,-0.0027332536525044725,3.1799706259132217],"decoded":true,"variant":"T","mode":"ID","value":{"int":42}}]},{"file":"frames/sweep_T_t60_heavy.png","K":[614.7142806307731,0.0,319.5,0.0,614.7142806307731,319.5,0.0,0.0,1.0],"dist":null,"versions":null,"note":"","candidates":[{"outer":[347.3990173339844,315.10443115234375,206.51547241210938,400.7650146484375,172.09677124023438],"outer_r":200.38250732421875,"inner":[320.73211669921875,318.84576416015625,40.9080810546875,83.97696685791016,172.28807067871094],"alt":[339.9827575683594,315.9026794433594,176.32650756835938,343.28863525390625,171.91009521484375]}],"detections":[{"center":[347.6908264160156,315.03973388671875],"axes":[207.46473693847656,401.8106689453125],"angle":172.08676147460938,"tilt_deg":60.2376031217836,"R":[0.20643453964659692,-0.46710630741293097,0.859765362419279,0.9706987837493605,0.20822492518156474,-0.11994270198992592,-0.12299858563581136,0.8593335080794815,0.4964043410601904],"t":[0.0008004736786050142,-0.002637437676343253,3.180484562815492],"decoded":true,"variant":"T","mode":"ID","value":{"int":42}}]},{"file":"frames/sweep_T_t70_clean.png","K":[614.7142806307731,0.0,319.5,0.0,614.7142806307731,319.5,0.0,0.0,1.0],"dist":null,"versions":null,"note":"","candidates":[{"outer":[320.3094177246094,298.1258544921875,142.87832641601562,403.7778015136719,93.5500259399414],"outer_r":201.88890075683594,"inner":[319.0588073730469,318.4138488769531,28.107147216796875,84.1209716796875,93.63472747802734],"alt":[319.9452209472656,303.9925537109375,121.84705352783203,344.71881103515625,93.56151580810547]}],"detections":[{"center":[320.2557373046875,298.0725402832031],"axes":[143.8697967529297,404.7386779785156],"angle":93.55154418945312,"tilt_deg":70.16457832786205,"R":[0.9922501811679653,0.10991253304479227,0.05795526767963176,0.0167523879582673,0.34382541336382416,-0.938884147604427,-0.12312162876536366,0.9325788546846175,0.33931953130536285],"t":[-0.0026169474166733504,-0.0009582207280153623,3.1799054199452215],"decoded":true,"variant":"T","mode":"ID","value":{"int":42}}]},{"file":"frames/sweep_T_t70_typ.png","K":[614.7142806307731,0.0,319.5,0.0,614.7142806307731,319.5,0.0,0.0,1.0],"dist":null,"versions":null,"note":"","candidates":[{"outer":[320.3059997558594,298.18408203125,143.00369262695312,403.8264465332031,93.54718780517578],"outer_r":201.91322326660156,"inner":[319.1550598144531,318.46282958984375,27.87492561340332,83.81056213378906,93.62256622314453],"alt":[319.9139404296875,303.9163513183594,121.96641540527344,344.7940368652344,93.53870391845703]}],"detections":[{"center":[320.24359130859375,298.08636474609375],"axes":[143.89903259277344,404.7453308105469],"angle":93.55037689208984,"tilt_deg":70.1589568914326,"R":[0.9922971625110426,0.10950197438871462,0.05792804914294075,0.016857268892948196,0.3439067836347559,-0.9388524679924254,-0.12272804796787291,0.9325971487062195,0.3394118213424881],"t":[-0.002673220655884371,-0.0008657931137048915,3.1798479193213534],"decoded":true,"variant":"T","mode":"ID","value":{"int":42}}]},{"file":"frames/sweep_T_t70_heavy.png","K":[614.7142806307731,0.0,319.5,0.0,614.7142806307731,319.5,0.0,0.0,1.0],"dist":null,"versions":null,"note":"","candidates":[{"outer":[320.2012939453125,298.42474365234375,143.44534301757812,403.19384765625,93.59228515625],"outer_r":201.596923828125,"inner":[319.1777648925781,318.59637451171875,27.14361572265625,83.7857437133789,93.43457794189453],"alt":[319.80517578125,303.70965576171875,122.11781311035156,345.1614990234375,93.48621368408203]}],"detections":[{"center":[320.3165283203125,298.08807373046875],"axes":[143.88693237304688,404.6548767089844],"angle":93.53141021728516,"tilt_deg":70.15651657630409,"R":[0.9923424010080024,0.1092329313615503,0.05766043589703445,0.016696401588143957,0.3439091998755001,-0.9388544575252339,-0.12238377889116107,0.9326278083711402,0.33945188424453215],"t":[-0.002298914596149305,-0.0008906738449090782,3.1804919540949554],"decoded":true,"variant":"T","mode":"ID","value":{"int":42}}]},{"file":"frames/sweep_M_t00_clean.png","K":[614.7142806307731,0.0,319.5,0.0,614.7142806307731,319.5,0.0,0.0,1.0],"dist":null,"versions":null,"note":"","candidates":[{"outer":[319.0866394042969,319.0866394042969,385.485595703125,385.51104736328125,135.0],"outer_r":192.75552368164062,"inner":[319.135498046875,319.135498046875,52.968482971191406,53.00736618041992,45.0],"alt":[319.0789794921875,319.0813293457031,333.2454528808594,333.3051452636719,161.35903930664062]}],"detections":[{"center":[319.0788879394531,319.0788879394531],"axes":[386.4581604003906,386.45977783203125],"angle":45.0,"tilt_deg":0.21652850253643968,"R":[0.9999964062871227,-0.0002156734818277522,-0.002672245832447981,0.00020853255870322614,0.9999964078017399,-0.0026722458323453695,0.002672812565774112,0.002671678978800186,0.999992859076715],"t":[-0.0013393405795462901,-0.0013393405795777242,3.18126102446007],"decoded":true,"variant":"M","mode":"ID","value":{"int":11259375}}]},{"file":"frames/sweep_M_t00_typ.png","K":[614.7142806307731,0.0,319.5,0.0,614.7142806307731,319.5,0.0,0.0,1.0],"dist":null,"versions":null,"note":"","candidates":[{"outer":[319.0841369628906,319.0723571777344,385.3757019042969,385.4499206542969,164.38645935058594],"outer_r":192.72496032714844,"inner":[319.13421630859375,319.0339050292969,52.61491394042969,52.91177749633789,139.65621948242188],"alt":[319.0577697753906,319.0813903808594,333.4649963378906,333.48681640625,6.331714153289795]}],"detections":[{"center":[319.0733642578125,319.0657958984375],"axes":[386.3541259765625,386.4425964355469],"angle":179.3880615234375,"tilt_deg":1.2059932953432841,"R":[0.9997785555014643,-0.0002478218943226436,-0.021042303669374755,0.0002385197992053517,0.9999998727306725,-0.00044457501523976166,0.021042411166757365,0.00043945756050241307,0.9997784873707484],"t":[0.004404584597344681,-0.002107428967559723,3.1814705755196155],"decoded":true,"variant":"M","mode":"ID","value":{"int":11259375}}]},{"file":"frames/sweep_M_t00_heavy.png","K":[614.7142806307731,0.0,319.5,0.0,614.7142806307731,319.5,0.0,0.0,1.0],"dist":null,"versions":null,"note":"","candidates":[{"outer":[318.9621887207031,319.08111572265625,384.9696044921875,385.3026123046875,7.625072956085205],"outer_r":192.65130615234375,"inner":[319.26397705078125,319.0252990722656,51.728145599365234,52.4688835144043,100.03001403808594],"alt":[319.14117431640625,319.08447265625,333.68768310546875,333.847412109375,51.362030029296875]}],"detections":[{"center":[319.1131591796875,319.0303649902344],"axes":[386.0968322753906,386.6036071777344],"angle":155.42218017578125,"tilt_deg":2.8124044141239297,"R":[0.99898574507335,0.002138656648020471,-0.0449767416337128,-0.0012575094446511518,0.9998069077637717,0.019610350783238056,0.04500999678116507,-0.019533902210948792,0.9987955380628073],"t":[0.012123582859235727,-0.008587722722558403,3.180455071851889],"decoded":true,"variant":"M","mode":"ID","value":{"int":11259375}}]},{"file":"frames/sweep_M_t15_clean.png","K":[614.7142806307731,0.0,319.5,0.0,614.7142806307731,319.5,0.0,0.0,1.0],"dist":null,"versions":null,"note":"","candidates":[{"outer":[330.7969055175781,306.95758056640625,372.5544128417969,387.0381774902344,134.2648162841797],"outer_r":193.5190887451172,"inner":[319.6950988769531,318.4061584472656,49.638206481933594,52.79660415649414,134.58685302734375],"alt":[327.7989501953125,310.1033935546875,321.5705871582031,334.32183837890625,134.34400939941406]}],"detections":[{"center":[330.80120849609375,306.97027587890625],"axes":[373.51092529296875,387.99822998046875],"angle":133.9896697998047,"tilt_deg":16.518276518983814,"R":[0.9357379324789614,-0.29266687681208386,0.19682637256490626,0.3312086876780865,0.9209793118599632,-0.20517775788936957,-0.12122428356793238,0.2571832155157283,0.958729089331513],"t":[-0.001294110740037796,-0.0024963893456998337,3.1813764338197053],"decoded":true,"variant":"M","mode":"ID","value":{"int":11259375}}]},{"file":"frames/sweep_M_t15_typ.png","K":[614.7142806307731,0.0,319.5,0.0,614.7142806307731,319.5,0.0,0.0,1.0],"dist":null,"versions":null,"note":"","candidates":[{"outer":[330.8114318847656,306.96319580078125,372.4847717285156,387.0320739746094,134.22750854492188],"outer_r":193.5160369873047,"inner":[319.81524658203125,318.3119201660156,49.687564849853516,52.656272888183594,138.5449676513672],"alt":[327.77703857421875,310.11175537109375,321.7894287109375,334.4254150390625,134.3175506591797]}],"detections":[{"center":[330.7900695800781,307.021240234375],"axes":[373.5350341796875,388.03094482421875],"angle":134.35218811035156,"tilt_deg":16.517506707509877,"R":[0.9356399178072577,-0.2921724021866098,0.1980233107645004,0.33088820776526723,0.9213549896568075,-0.2040048455218491,-0.12284517966740614,0.2563986552909553,0.9587329093118023],"t":[-0.0017221459921130796,-0.002577384986954317,3.1811095668086145],"decoded":true,"variant":"M","mode":"ID","value":{"int":11259375}}]},{"file":"frames/sweep_M_t15_heavy.png","K":[614.7142806307731,0.0,319.5,0.0,614.7142806307731,319.5,0.0,0.0,1.0],"dist":null,"versions":null,"note":"","candidates":[{"outer":[330.697509765625,306.94287109375,372.3175964355469,386.7095642089844,134.6043243408203],"outer_r":193.3547821044922,"inner":[319.6513977050781,318.65887451171875,48.6789436340332,52.48091506958008,137.2046356201172],"alt":[327.81451416015625,310.13525390625,322.1425476074219,334.71844482421875,134.1066436767578]}],"detections":[{"center":[330.87042236328125,306.9795837402344],"axes":[373.51617431640625,387.9891662597656],"angle":134.42237854003906,"tilt_deg":16.51447178059952,"R":[0.9353512999664566,-0.29294470601581785,0.198245667968725,0.33167051850602797,0.9211371653825876,-0.20371791699522676,-0.12293336733776748,0.2563000619747049,0.9587479676258825],"t":[-0.001364885825850364,-0.002890280881457857,3.181444796674881],"decoded":true,"variant":"M","mode":"ID","value":{"int":11259375}}]},{"file":"frames/sweep_M_t30_clean.png","K":[614.7142806307731,0.0,319.5,0.0,614.7142806307731,319.5,0.0,0.0,1.0],"dist":null,"versions":null,"note":"","candidates":[{"outer":[340.628173828125,301.6365661621094,340.2215576171875,390.61016845703125,141.0069122314453],"outer_r":195.30508422851562,"inner":[320.32183837890625,318.07501220703125,41.54240036010742,52.19881057739258,141.21017456054688],"alt":[334.986328125,306.2272033691406,292.3533630371094,336.61517333984375,141.06802368164062]}],"detections":[{"center":[340.6336975097656,301.6176452636719],"axes":[341.06829833984375,391.65130615234375],"angle":141.06173706054688,"tilt_deg":30.761679155019753,"R":[0.7726888069099681,-0.49509656665208884,0.39727999869785036,0.6225871312113267,0.7131738104413777,-0.322130998431657,-0.12384373914776874,0.496248431523808,0.8593021718138854],"t":[-0.0008205030770556998,-0.003096052765505785,3.1804862592090184],"decoded":true,"variant":"M","mode":"ID","value":{"int":11259375}}]},{"file":"frames/sweep_M_t30_typ.png","K":[614.7142806307731,0.0,319.5,0.0,614.7142806307731,319.5,0.0,0.0,1.0],"dist":null,"versions":null,"note":"","candidates":[{"outer":[340.6256408691406,301.6521301269531,340.1802978515625,390.59515380859375,140.96893310546875],"outer_r":195.29757690429688,"inner":[320.2752380371094,318.1251525878906,41.648170471191406,51.74470138549805,140.93768310546875],"alt":[334.9580993652344,306.2508544921875,292.5699462890625,336.71148681640625,141.1092529296875]}],"detections":[{"center":[340.6326599121094,301.6456604003906],"axes":[341.0869445800781,391.6407470703125],"angle":141.01414489746094,"tilt_deg":30.752000809624032,"R":[0.7720954723276313,-0.4962948118461587,0.3969383344371743,0.623538076483861,0.7122562735041542,-0.3223216840809541,-0.12275523934227328,0.4963692784495849,0.859388556256982],"t":[-0.0007384593918553996,-0.002899365491764692,3.180546254050511],"decoded":true,"variant":"M","mode":"ID","value":{"int":11259375}}]},{"file":"frames/sweep_M_t30_heavy.png","K":[614.7142806307731,0.0,319.5,0.0,614.7142806307731,319.5,0.0,0.0,1.0],"dist":null,"versions":null,"note":"","candidates":[{"outer":[340.5394287109375,301.6373596191406,339.9429626464844,390.3305358886719,141.1253662109375],"outer_r":195.16526794433594,"inner":[320.3757629394531,318.07891845703125,72.036376953125,84.10997009277344,141.12159729003906],"alt":[335.0231628417969,306.2958068847656,293.0379943847656,337.0450439453125,140.96385192871094]}],"detections":[{"center":[340.7529602050781,301.64776611328125],"axes":[341.25146484375,391.6367492675781],"angle":141.0476837158203,"tilt_deg":30.711827971737478,"R":[0.7716183367438444,-0.4972172253942751,0.3967117003213819,0.6241718118270659,0.7120072912911977,-0.3216444721562762,-0.12253445116040262,0.4958030333906705,0.8597468583015753],"t":[-0.00011339706004623446,-0.0030373862401685235,3.1804807978920344],"decoded":true,"variant":"M","mode":"ID","value":{"int":11259375}}]},{"file":"frames/sweep_M_t45_clean.png","K":[614.7142806307731,0.0,319.5,0.0,614.7142806307731,319.5,0.0,0.0,1.0],"dist":null,"versions":null,"note":"","candidates":[{"outer":[348.59918212890625,305.6316833496094,284.85076904296875,395.687744140625,155.51881408691406],"outer_r":197.8438720703125,"inner":[320.8175354003906,318.3657531738281,28.533281326293945,49.94277572631836,155.79425048828125],"alt":[340.75921630859375,309.24517822265625,243.42715454101562,339.8050537109375,155.4529266357422]}],"detections":[{"center":[348.6439514160156,305.6617126464844],"axes":[285.7324523925781,396.560791015625],"angle":155.48272705078125,"tilt_deg":45.41877660129337,"R":[0.5174276279213954,-0.5591270288988172,0.6478005985011279,0.8472498686129343,0.4410266492361361,-0.2960796426620915,-0.12015119641103728,0.7020487591459211,0.7019196747368384],"t":[0.0003076421892197631,-0.002686432863748998,3.180994071417419],"decoded":true,"variant":"M","mode":"ID","value":{"int":11259375}}]},{"file":"frames/sweep_M_t45_typ.png","K":[614.7142806307731,0.0,319.5,0.0,614.7142806307731,319.5,0.0,0.0,1.0],"dist":null,"versions":null,"note":"","candidates":[{"outer":[348.569091796875,305.635498046875,284.81561279296875,395.6353454589844,155.5199737548828],"outer_r":197.8176727294922,"inner":[320.7674255371094,318.4652099609375,28.70110511779785,49.33245849609375,155.10726928710938],"alt":[340.69244384765625,309.25146484375,243.65708923339844,339.9020690917969,155.45755004882812]}],"detections":[{"center":[348.6267395019531,305.607177734375],"axes":[285.7751770019531,396.5743103027344],"angle":155.49623107910156,"tilt_deg":45.41244494629107,"R":[0.5183366380084541,-0.5583208950148376,0.6477691779391204,0.8465151273531278,0.4425141505426662,-0.29596176396930185,-0.12140539057394029,0.7017542338734647,0.7019983806108501],"t":[0.00020421601690296653,-0.002968644733513105,3.1808739440412834],"decoded":true,"variant":"M","mode":"ID","value":{"int":11259375}}]},{"file":"frames/sweep_M_t45_heavy.png","K":[614.7142806307731,0.0,319.5,0.0,614.7142806307731,319.5,0.0,0.0,1.0],"dist":null,"versions":null,"note":"","candidates":[{"outer":[348.4061279296875,305.63494873046875,284.6748046875,395.50225830078125,155.5718231201172],"outer_r":197.75112915039062,"inner":[320.9293212890625,318.17364501953125,58.56134033203125,84.32164001464844,155.5948944091797],"alt":[340.6752014160156,309.282470703125,244.20257568359375,340.1109619140625,155.3998260498047]}],"detections":[{"center":[348.69012451171875,305.6036071777344],"axes":[285.83160400390625,396.6318054199219],"angle":155.5905303955078,"tilt_deg":45.41432015875108,"R":[0.5185470645294017,-0.5575529560617792,0.6482620172852271,0.8461008804013352,0.4439886759758058,-0.2949361893517586,-0.12337845051720328,0.7014333587676185,0.7019750716057882],"t":[0.00037021729845796824,-0.0031953331302434023,3.1804412350751523],"decoded":true,"variant":"M","mode":"ID","value":{"int":11259375}}]},{"file":"frames/sweep_M_t60_clean.png","K":[614.7142806307731,0.0,319.5,0.0,614.7142806307731,319.5,0.0,0.0,1.0],"dist":null,"versions":null,"note":"","candidates":[{"outer":[347.6237487792969,315.0270690917969,206.37225341796875,401.0373840332031,172.06849670410156],"outer_r":200.51869201660156,"inner":[320.9210205078125,318.87078857421875,41.276859283447266,84.5135726928711,172.2046661376953],"alt":[339.929443359375,316.13330078125,175.75982666015625,342.9447021484375,172.04507446289062]}],"detections":[{"center":[347.630859375,315.014892578125],"axes":[207.39608764648438,401.8778381347656],"angle":172.03448486328125,"tilt_deg":60.24963350693697,"R":[0.20534751155030548,-0.4675986724019048,0.8597580363498054,0.9713760151643126,0.2045699102802682,-0.12074679694063986,-0.11941958241259366,0.8599433896343986,0.49622205710800743],"t":[0.0005187952448021684,-0.0026310135944744295,3.1800210623385587],"decoded":true,"variant":"M","mode":"ID","value":{"int":11259375}}]},{"file":"frames/sweep_M_t60_typ.png","K":[614.7142806307731,0.0,319.5,0.0,614.7142806307731,319.5,0.0,0.0,1.0],"dist":null,"versions":null,"note":"","candidates":[{"outer":[347.5721130371094,315.0517272949219,206.42123413085938,401.0066223144531,172.0886688232422],"outer_r":200.50331115722656,"inner":[320.9514465332031,318.7673034667969,41.045013427734375,84.70905303955078,172.08335876464844],"alt":[339.9373779296875,316.15081787109375,175.9245147705078,343.10064697265625,172.04188537597656]}],"detections":[{"center":[347.6381530761719,315.0191345214844],"axes":[207.4092559814453,401.87786865234375],"angle":172.06007385253906,"tilt_deg":60.24798372580784,"R":[0.20706070019095474,-0.4667710259942676,0.8597968805064895,0.9705209386613542,0.20880834217988348,-0.12036687192069342,-0.12334899292785276,0.8593741243069561,0.4962470558253591],"t":[0.0005408768545689038,-0.002669044234108827,3.1800169667114573],"decoded":true,"variant":"M","mode":"ID","value":{"int":11259375}}]},{"file":"frames/sweep_M_t60_heavy.png","K":[614.7142806307731,0.0,319.5,0.0,614.7142806307731,319.5,0.0,0.0,1.0],"dist":null,"versions":null,"note":"","candidates":[{"outer":[347.3909606933594,315.0592041015625,206.4373779296875,400.7706298828125,172.08717346191406],"outer_r":200.38531494140625,"inner":[321.12713623046875,318.6683349609375,40.36277389526367,84.87205505371094,172.10073852539062],"alt":[339.93927001953125,316.1524353027344,176.4319610595703,343.369873046875,172.01858520507812]}],"detections":[{"center":[347.7575378417969,315.0331726074219],"axes":[207.5362548828125,401.886962890625],"angle":172.1173553466797,"tilt_deg":60.23783383981151,"R":[0.20638325945346878,-0.4670102504162706,0.8598298530659972,0.9706029739030249,0.20892831934093417,-0.11949403511463086,-0.12383786685810678,0.8592149808886627,0.4964008454349458],"t":[0.0010596199493846873,-0.00273137445411883,3.179926359807692],"decoded":true,"variant":"M","mode":"ID","value":{"int":11259375}}]},{"file":"frames/sweep_M_t70_clean.png","K":[614.7142806307731,0.0,319.5,0.0,614.7142806307731,319.5,0.0,0.0,1.0],"dist":null,"versions":null,"note":"","candidates":[{"outer":[320.30096435546875,298.1145324707031,142.84829711914062,403.8170471191406,93.54693603515625],"outer_r":201.9085235595703,"inner":[319.0399475097656,318.3719482421875,28.02353858947754,84.20999145507812,93.6150894165039],"alt":[319.9771423339844,304.002197265625,121.86579132080078,344.7001953125,93.56234741210938]}],"detections":[{"center":[320.26043701171875,298.0745849609375],"axes":[143.8771514892578,404.72723388671875],"angle":93.55290985107422,"tilt_deg":70.16267027728856,"R":[0.9922861712371821,0.10957443014490528,0.05797929483766735,0.016887788512327282,0.3438537559226466,-0.9388713421641178,-0.12281269059269402,0.9326081914696591,0.3393508571273616],"t":[-0.0025976311761914416,-0.0009463815176829626,3.179984107180738],"decoded":true,"variant":"M","mode":"ID","value":{"int":11259375}}]},{"file":"frames/sweep_M_t70_typ.png","K":[614.7142806307731,0.0,319.5,0.0,614.7142806307731,319.5,0.0,0.0,1.0],"dist":null,"versions":null,"note":"","candidates":[{"outer":[320.2822265625,298.170166015625,142.97227478027344,403.85137939453125,93.5419692993164],"outer_r":201.92568969726562,"inner":[318.9544677734375,318.2368469238281,27.548648834228516,84.6281509399414,93.67603302001953],"alt":[319.9852600097656,303.9547424316406,121.99652862548828,344.98699951171875,93.5431900024414]}],"detections":[{"center":[320.2854919433594,298.0812683105469],"axes":[143.87814331054688,404.7721862792969],"angle":93.53952026367188,"tilt_deg":70.16434591326784,"R":[0.9923687313813496,0.10893155215345536,0.05777731321210635,0.016926270607030027,0.34379071123645744,-0.9388937363891979,-0.12213845561455407,0.9327067405208188,0.33932334704102196],"t":[-0.0024583770452797,-0.0008981921150616279,3.179664673386369],"decoded":true,"variant":"M","mode":"ID","value":{"int":11259375}}]},{"file":"frames/sweep_M_t70_heavy.png","K":[614.7142806307731,0.0,319.5,0.0,614.7142806307731,319.5,0.0,0.0,1.0],"dist":null,"versions":null,"note":"","candidates":[{"outer":[320.10699462890625,298.36968994140625,143.34530639648438,403.25048828125,93.56505584716797],"outer_r":201.625244140625,"inner":[318.6195068359375,318.044677734375,26.782806396484375,84.94426727294922,93.80776977539062],"alt":[320.0960693359375,303.88226318359375,122.18798828125,345.4809875488281,93.4990463256836]}],"detections":[{"center":[320.4205627441406,298.03228759765625],"axes":[143.96922302246094,404.7472839355469],"angle":93.56839752197266,"tilt_deg":70.1540376175328,"R":[0.9923041693857644,0.10923370451195347,0.058313233645748364,0.01729791429907947,0.34402969041563825,-0.9387994217474903,-0.1226100223494397,0.9325832777350854,0.3394925809327128],"t":[-0.0018805262815024325,-0.0011018588210524875,3.1798247194782636],"decoded":true,"variant":"M","mode":"ID","value":{"int":11259375}}]},{"file":"frames/sweep_D_t00_clean.png","K":[614.7142806307731,0.0,319.5,0.0,614.7142806307731,319.5,0.0,0.0,1.0],"dist":null,"versions":null,"note":"","candidates":[{"outer":[319.0866394042969,319.0866394042969,385.485595703125,385.51104736328125,135.0],"outer_r":192.75552368164062,"inner":[319.135498046875,319.135498046875,52.968482971191406,53.00736618041992,45.0],"alt":[319.07598876953125,319.07598876953125,333.23638916015625,333.3125305175781,135.0]}],"detections":[{"center":[319.0788879394531,319.0788879394531],"axes":[386.4581604003906,386.45977783203125],"angle":45.0,"tilt_deg":0.21652850253643968,"R":[0.9999963896642959,0.0002824191646525961,-0.002672245832447982,-0.00028956008764571985,0.9999963876220591,-0.002672245832345369,0.0026714814858503654,0.002673009960378285,0.999992859076715],"t":[-0.0013393405795462901,-0.0013393405795777242,3.18126102446007],"decoded":true,"variant":"D","mode":"GEO","value":{"list":[48.85837000000001,2.2944809999999904,330]}}]},{"file":"frames/sweep_D_t00_typ.png","K":[614.7142806307731,0.0,319.5,0.0,614.7142806307731,319.5,0.0,0.0,1.0],"dist":null,"versions":null,"note":"","candidates":[{"outer":[319.0887145996094,319.07635498046875,385.3953857421875,385.4095153808594,131.62680053710938],"outer_r":192.7047576904297,"inner":[318.98199462890625,319.07550048828125,52.599159240722656,53.113037109375,179.97576904296875],"alt":[319.08306884765625,319.0634460449219,333.4516906738281,333.46343994140625,29.33904266357422]}],"detections":[{"center":[319.0501708984375,319.0675964355469],"axes":[386.32940673828125,386.3948059082031],"angle":148.7272186279297,"tilt_deg":0.9921902901421283,"R":[0.9998971916520213,-0.0006583280551016612,0.014323851806447952,0.0007977515755694774,0.9999523429873372,-0.009730125721627018,-0.014316763559718816,0.009740552258822768,0.9998500647211405],"t":[-0.006829378835671924,0.0008194462977130441,3.18184221782081],"decoded":true,"variant":"D","mode":"GEO","value":{"list":[48.85837000000001,2.2944809999999904,330]}}]},{"file":"frames/sweep_D_t00_heavy.png","K":[614.7142806307731,0.0,319.5,0.0,614.7142806307731,319.5,0.0,0.0,1.0],"dist":null,"versions":null,"note":"","candidates":[{"outer":[318.9809875488281,319.07391357421875,384.95611572265625,385.3427429199219,1.200485348701477],"outer_r":192.67137145996094,"inner":[319.0349426269531,319.1279602050781,51.6423225402832,52.947166442871094,82.78950500488281],"alt":[319.17913818359375,319.0716552734375,333.7106628417969,333.8258972167969,105.28231048583984]}],"detections":[{"center":[319.1627502441406,319.03466796875],"axes":[386.2693786621094,386.77752685546875],"angle":154.7913360595703,"tilt_deg":2.793086140133736,"R":[0.9990428289118426,-0.001152126613780734,0.04372754971512535,0.0020941982963297023,0.9997665596168077,-0.021504432228449295,-0.04369256611047914,0.021575422967769067,0.9988120247526276],"t":[-0.015482391230435304,0.004350530524960895,3.1790199953595057],"decoded":true,"variant":"D","mode":"GEO","value":{"list":[48.85837000000001,2.2944809999999904,330]}}]},{"file":"frames/sweep_D_t15_clean.png","K":[614.7142806307731,0.0,319.5,0.0,614.7142806307731,319.5,0.0,0.0,1.0],"dist":null,"versions":null,"note":"","candidates":[{"outer":[330.7969055175781,306.95758056640625,372.5544128417969,387.0381774902344,134.2648162841797],"outer_r":193.5190887451172,"inner":[319.6950988769531,318.4061584472656,49.638206481933594,52.79660415649414,134.58685302734375],"alt":[327.8086853027344,310.0963134765625,321.549560546875,334.3304443359375,134.30918884277344]}],"detections":[{"center":[330.80120849609375,306.97027587890625],"axes":[373.51092529296875,387.99822998046875],"angle":133.9896697998047,"tilt_deg":16.51827651898384,"R":[0.9352506378082291,-0.2942203656143492,0.19682637256490626,0.3327376150797914,0.9204280347634485,-0.20517775788936954,-0.12079703634739225,0.25738416672214864,0.9587290893315129],"t":[-0.001294110740037796,-0.0024963893456998337,3.1813764338197053],"decoded":true,"variant":"D","mode":"GEO","value":{"list":[48.85837000000001,2.2944809999999904,330]}}]},{"file":"frames/sweep_D_t15_typ.png","K":[614.7142806307731,0.0,319.5,0.0,614.7142806307731,319.5,0.0,0.0,1.0],"dist":null,"versions":null,"note":"","candidates":[{"outer":[330.8030700683594,306.9525146484375,372.53741455078125,386.99798583984375,134.2500762939453],"outer_r":193.49899291992188,"inner":[319.8057861328125,318.3933410644531,49.56977081298828,52.938480377197266,133.71949768066406],"alt":[327.8001708984375,310.0947265625,321.6691589355469,334.4703674316406,134.34304809570312]}],"detections":[{"center":[330.8013000488281,306.9806823730469],"axes":[373.5104064941406,388.0185852050781],"angle":134.07003784179688,"tilt_deg":16.527922043270998,"R":[0.9357453657530543,-0.29238610955510824,0.19720794459379942,0.331014994624854,0.92108073