{"tolerance":1e-09,"cases":[{"ellipse":[767.4976814298954,784.2424281038584,162.8099911504506,332.51741919562545,157.23962017132715],"K":[1108.5125168440818,0.0,639.5,0.0,1108.5125168440818,479.5,0.0,0.0,1.0],"solutions":[{"H":[164.89140163568723,33.15546454134404,773.7194167542112,59.96638269100684,120.86159287915206,774.3658332379937,0.11751107821538116,-0.04002488148998512,1.0],"R":[0.567185376784509,0.37131471597594623,-0.7351368104383817,0.022877637527371875,0.8851526148892059,0.4647380574645974,0.823272349871524,-0.280410823711396,0.4935508159070509],"t":[0.8482804623150119,1.8635822699041684,7.00591265414638],"tilt":60.425765179187074},{"H":[-14.891830683388717,33.15539462581605,756.0898875715944,-122.90949577663635,120.86133801612431,781.7612851760218,-0.11752877391169154,-0.04002479708879332,1.0],"R":[0.38089960046590543,0.3713147159759463,0.846782661646196,-0.4206318200268934,0.8851526148892058,-0.1989314463217529,-0.8233980606886179,-0.2804108237113961,0.4933410621463813],"t":[0.7368615858777485,1.9103263120266856,7.005927427672312],"tilt":60.43958252848893}]},{"ellipse":[66.5916236939218,483.71196747727015,218.18932004305123,340.85707721329806,50.1166101781392],"K":[614.7142806307731,0.0,319.5,0.0,614.7142806307731,319.5,0.0,0.0,1.0],"solutions":[{"H":[-62.443741535961344,133.75284177799043,69.12451050437693,-11.136182672585608,-61.49612216624648,460.6316284814229,0.14477179933322687,0.10215558262077676,1.0],"R":[-0.7162867236191578,0.6663093184930851,0.2072805385370579,-0.3781865637174138,-0.620317981511205,0.6871539309626912,0.5864369127114585,0.4138085232364661,0.696314766112502],"t":[-1.6498932108495552,0.9300116242876556,4.050767590182627],"tilt":45.86792011642168},{"H":[-87.41573499124101,133.25537824190724,92.27113126100696,-158.81364150548268,-61.26740120614156,485.49437559088966,-0.16801183359375782,0.1017756379655034,1.0],"R":[-0.22313890298392489,0.6663093184930851,-0.7115060941864175,-0.6953843435695156,-0.6203179815112051,-0.36283083735021493,-0.683117592141737,0.413808523236466,0.6017581419501782],"t":[-1.502954392787505,1.097932570614144,4.065889750322425],"tilt":53.00408066672463}]},{"ellipse":[327.9034280630404,492.08986723790053,226.7738209936018,157.19243720042022,142.67914545847555],"K":[1662.8,0.0,539.5,0.0,1662.8,539.5,0.0,0.0,1.0],"solutions":[{"H":[-34.23751929298733,91.37422461207512,326.26813240398445,-40.18260982767097,-66.63124679141141,488.9970668943691,0.043850348232263615,0.005544470781840727,1.0],"R":[-0.5128487340105738,0.7829220363731618,0.3521636849322392,-0.5655120663578398,-0.6167361529618837,0.5475697402463566,0.6458964923479907,0.08166763490562093,0.7590442138515282],"t":[-1.8888695882298643,-0.44736959599474013,14.729563581270757],"tilt":40.61998980662403},{"H":[-66.11228875245139,91.33262977061294,330.9889640698148,-87.90771765861169,-66.60091530396534,494.9899750828002,-0.05321018634596652,0.0055419468601971625,1.0],"R":[-0.3314987004139738,0.7829220363731617,-0.5264424912420617,-0.5246568451524561,-0.6167361529618836,-0.5868319286341259,-0.7841197653793189,0.08166763490562105,0.6152126388090576],"t":[-1.847892281963309,-0.39446224583540657,14.736271740923105],"tilt":52.03262737205576}]},{"ellipse":[764.5137875641977,854.6302253015422,113.97039231188359,51.21048288731451,7.9095614330490065],"K":[1108.5125168440818,0.0,639.5,0.0,1108.5125168440818,479.5,0.0,0.0,1.0],"solutions":[{"H":[40.18082260653309,51.07331175397031,764.2206481116342,17.044870817662815,1.1846557800194442,853.306002431377,0.04984467850990145,-0.007024870884665091,1.0],"R":[0.14753393691468328,0.987077686684662,-0.06254100980724907,-0.12178483499612282,0.08088161717977983,0.9892555877867716,0.9815305351457089,-0.13833222492116473,0.13214387660780538],"t":[2.2155562128061494,6.640345633305068,19.691781840878594],"tilt":82.40650363939818},{"H":[-25.730046490597612,51.10296330218966,764.0400511899555,-56.66915039183134,1.185343553668308,855.5100037593514,-0.03641296325300779,-0.00702894930234779,1.0],"R":[-0.043389617317529765,0.987077686684662,0.15425622048492732,-0.6961127780223341,0.08088161717977979,-0.7133618747006404,-0.7166200816214034,-0.13833222492116484,0.6836079681844656],"t":[2.211064388129242,6.675622186990861,19.680356049083954],"tilt":46.87377016283314}]},{"ellipse":[82.13975850906236,327.1111649227245,211.82034987686274,194.58749759726766,92.5411763879125],"K":[614.7142806307731,0.0,319.5,0.0,614.7142806307731,319.5,0.0,0.0,1.0],"solutions":[{"H":[108.23249712390306,-1.605445087955139,95.0921134558179,44.232629826984486,104.11947360346045,326.93813420439005,0.13307939827543322,-0.002537434301199396,1.0],"R":[0.6261733625534505,-0.007572885332509399,-0.7796470813363222,0.01633013079928003,0.9998608612500264,0.0034036698479828886,0.7795128266145359,-0.014863026209232294,0.6262099037825258],"t":[-2.1383424144664813,0.07087664385899213,5.857501887716573],"tilt":51.22895362464195},{"H":[94.88448278901603,-1.6191520286693393,79.28105106878537,-8.877754699361985,105.00842300608011,326.81838217980095,-0.029417158398828528,-0.0025590983629562632,1.0],"R":[0.9852843434472808,-0.007572885332509352,0.1707554214817253,0.00492274718443332,0.9998608612500264,0.015938152355709678,-0.17085236058603093,-0.014863026209232251,0.9851845316153136],"t":[-2.2696256164788906,0.0691452016602358,5.807915172147788],"tilt":9.874906115459158}]},{"ellipse":[536.8011494316729,321.554880693992,34.599669961577284,16.237255909262853,36.109210317659134],"K":[1662.8,0.0,539.5,0.0,1662.8,539.5,0.0,0.0,1.0],"solutions":[{"H":[9.321799864340075,14.429131726233145,536.8528249464468,-3.8498809697742837,10.420143781560794,321.506316706791,0.008579940622431156,0.0008008912442167655,1.0],"R":[0.2721038252139918,0.8115735087739596,-0.5170183247818565,-0.49161328258116194,0.5791253712241197,0.6503308271905157,0.8272097005558434,0.07721557006750296,0.5565625454928337],"t":[-0.1534878426822302,-12.63965528917984,96.41205422718306],"tilt":56.18159339003463},{"H":[-0.4347755229362057,14.428998605880915,536.7671118855022,-9.69429527945946,10.420047647348646,321.6264330979475,-0.009595079321299382,0.0008008838553505086,1.0],"R":[0.27493864687745906,0.8115735087739596,0.5155164209892017,-0.2619494678122215,0.5791253712241198,-0.7720079537915524,-0.9250898425375158,0.07721557006750285,0.37181519465060164],"t":[-0.15845909788322063,-12.63280727840685,96.41294371417857],"tilt":68.17239132909997}]},{"ellipse":[506.009553008178,98.76491050235268,157.6756860737662,353.7186146226808,158.45978771654916],"K":[1108.5125168440818,0.0,639.5,0.0,1108.5125168440818,479.5,0.0,0.0,1.0],"solutions":[{"H":[135.27275800757886,89.88675796906541,518.207184677787,-16.306587258967593,168.11604069155018,103.43509793452007,0.12217314348410334,0.04985919492170006,1.0],"R":[0.346384782248257,0.3515904016981877,-0.8697136149679012,-0.4539534124639971,0.8741511802332308,0.17258624918904084,0.820940851669059,0.3350282130366883,0.46239832885762433],"t":[-0.7352424854285362,-2.279598280760047,6.719487018649695],"tilt":62.458024113230664},{"H":[9.799060645427582,89.86396644616866,500.20906038228736,-42.674677345952034,168.07341349398172,110.67408347153022,-0.12420048574980018,0.04984655271490178,1.0],"R":[0.5409953445493877,0.3515904016981879,0.7640080016659488,0.10234440031654671,0.8741511802332308,-0.4747476569933719,-0.8347752157914944,0.3350282130366884,0.43692841011967576],"t":[-0.8445561306568494,-2.236284641371175,6.721191231676301],"tilt":64.09193477047614}]},{"ellipse":[324.50506200473797,496.96320594223243,226.35814155670948,279.48969510758525,97.40588784776797],"K":[614.7142806307731,0.0,319.5,0.0,614.7142806307731,319.5,0.0,0.0,1.0],"solutions":[{"H":[69.41580203092754,134.07967868453156,325.42915921454426,-23.35046893727051,11.204709828545521,476.603408605374,0.17968653540588655,-0.007843454723903437,1.0],"R":[0.08740709985807159,0.9943863411163054,-0.0596305584053003,-0.5879603662413005,0.09981813763903542,0.802707261165408,0.8041533477041534,-0.03510190877433034,0.5933845712323517],"t":[0.04316613347753592,1.1437619500923948,4.475312220182131],"tilt":53.602442676361896},{"H":[-16.746273240676533,135.7843547632699,322.4170378111915,-155.72257475071854,11.347165426599766,506.61010330157603,-0.08674107403163754,-0.007943175649353776,1.0],"R":[0.07884440934097725,0.9943863411163054,0.07056460668776696,-0.9202442154542227,0.09981813763903542,-0.3784004800754311,-0.38331989648166526,-0.0351019087743303,0.9229483804426357],"t":[0.020970332809211397,1.3451183673883542,4.4191278556437394],"tilt":22.63900614596108}]},{"ellipse":[546.2089943744621,860.0401499612946,123.19232903061915,170.89298301552145,69.77372419993117],"K":[1662.8,0.0,539.5,0.0,1662.8,539.5,0.0,0.0,1.0],"solutions":[{"H":[2.9170257183550468,82.07711467888791,545.6117602430621,-22.198333632505054,-26.002415784477332,857.5105577415242,0.041941058038190406,0.0029989527387180716,1.0],"R":[-0.231302006749855,0.9442011363441108,0.23448581151101613,-0.5260347014425324,-0.32412916343700954,0.7862746201473696,0.8184050797445945,0.05851922364585923,0.5716542888076062],"t":[0.07172246833456497,3.7319039442957807,19.513219695110617],"tilt":55.13433490974337},{"H":[-35.769580029994586,82.11519242544519,547.0278032116299,-83.07979145182948,-26.014478993594658,861.635547192816,-0.028855098171515374,0.0030003440322932525,1.0],"R":[-0.2369667016857641,0.944201136344111,-0.22875969142018826,-0.7919020293149771,-0.3241291634370094,-0.5175243582445618,-0.562794774548406,0.058519223645859465,0.824522614732243],"t":[0.08829899119085596,3.778558371437688,19.504171193705208],"tilt":34.459878404546856}]},{"ellipse":[458.4307894913971,211.1332321428507,348.37186048943954,203.8869397892218,106.19850474190984],"K":[1108.5125168440818,0.0,639.5,0.0,1108.5125168440818,479.5,0.0,0.0,1.0],"solutions":[{"H":[159.75717513877692,-39.70596017629058,470.4708465311067,64.15640073036056,169.97351919385224,220.1811188708094,0.13919406835493922,0.02557139190385857,1.0],"R":[0.416715769199226,-0.33022003149254014,-0.8469372459053643,-0.01523988072461313,0.9290176223387595,-0.36972152144490816,0.9089090789161461,0.16697601080725313,0.38210377919970784],"t":[-0.9956821652407234,-1.5275423188937107,6.529797495382235],"tilt":67.53594339577772},{"H":[50.34599214980011,-39.894618924030844,447.45999077729005,12.591292209087063,170.78113072465877,212.00189241806845,-0.10017072639910381,0.02569289171781945,1.0],"R":[0.6707275580008453,-0.33022003149254,0.6641379929948963,0.3554176831406089,0.9290176223387595,0.1029782884641214,-0.6510013928166243,0.16697601080725316,0.7404837596907252],"t":[-1.1258802773567578,-1.5682713449960484,6.4989185585305735],"tilt":42.22735920980855}]},{"ellipse":[373.20475695782,390.04385209899544,130.30385866248983,293.81559508698746,43.1215131293142],"K":[614.7142806307731,0.0,319.5,0.0,614.7142806307731,319.5,0.0,0.0,1.0],"solutions":[{"H":[119.40910344316589,-100.56047510368073,382.869376158571,119.78409596269206,103.11107129298914,398.0942452614558,0.19272924808608433,-0.005207210624768713,1.0],"R":[0.4012968223776452,-0.686244388728198,-0.6066543491055401,0.40389889430510656,0.7270318386777739,-0.5552390374675829,0.8220867007370433,-0.02221135943334848,0.5689289164591703],"t":[0.4397199042031697,0.545365223587,4.265500482676354],"tilt":55.32443043345058},{"H":[-35.11084267594276,-99.95443059028037,363.2808554922359,-41.24228638119649,102.4896551852836,379.60466657229387,-0.22071522367205867,-0.005175828499475376,1.0],"R":[0.24718341317016623,-0.686244388728198,0.6840825967619765,0.2043793786876778,0.7270318386777738,0.6554798052694335,-0.9471691664221265,-0.022211359433348492,0.3199644131639282],"t":[0.30563719382382526,0.4195948530546722,4.291363099762624],"tilt":71.33922724174714}]},{"ellipse":[455.336530923357,191.37497388188282,407.45293990904037,196.9230257782033,54.07561466623265],"K":[1662.8,0.0,539.5,0.0,1662.8,539.5,0.0,0.0,1.0],"solutions":[{"H":[122.88373601976771,130.17464318585263,465.7058480423824,-40.51764291011614,167.9803190932285,189.39090340934226,0.09690178293352432,0.02285461428763121,1.0],"R":[0.354990445301607,0.5925014758304832,-0.7231346934584637,-0.4665624778187979,0.7825816560324814,0.41217157341699673,0.8101242114862082,0.191070543988754,0.5542479672346045],"t":[-0.37102380437062776,-1.7602859510660769,8.360261152696872],"tilt":56.34106775684098},{"H":[29.701333618677925,130.04618042189983,449.7395180685011,-80.21316239208387,167.81454782201726,201.4791934940878,-0.10650895077459696,0.022832060226036646,1.0],"R":[0.43867244647125764,0.5925014758304833,0.6756541170196635,-0.11450389253227726,0.7825816560324814,-0.6119271282076125,-0.8913222443661317,0.19107054398875412,0.41114073492900616],"t":[-0.45174546201074206,-1.7011870047755568,8.368519620969899],"tilt":65.72348584879559}]},{"ellipse":[1022.2556131561731,603.9511472532618,81.33016816523923,71.07818156772241,162.70502187526682],"K":[1108.5125168440818,0.0,639.5,0.0,1108.5125168440818,479.5,0.0,0.0,1.0],"solutions":[{"H":[5.052644430485389,27.163124936396468,1021.5141028670887,-15.76228746956325,-24.461299089579263,603.3874651290149,0.02385838193303527,-0.007941049411779979,1.0],"R":[-0.2597414452743622,0.8206375561584938,0.5090072524326157,-0.6923792991916218,-0.5256929958634409,0.494224422859736,0.6731606700169762,-0.22405551883927194,0.7047367145395226],"t":[9.723363955811857,3.1532943521497963,28.214850106196476],"tilt":45.19172245891622},{"H":[-27.337530472293565,27.17002511618878,1022.1267430499508,-34.90868424362744,-24.467512931398524,604.3438323365383,-0.00783531491210868,-0.007943066656438286,1.0],"R":[-0.5681385068589282,0.8206375561584939,0.06142180757941354,-0.7926982554970714,-0.5256929958634409,-0.30866867322749225,-0.22101609162232427,-0.22405551883927172,0.9491843928982702],"t":[9.736484086248165,3.1768296620402574,28.207684579565072],"tilt":18.34394099938959}]},{"ellipse":[355.1404283856626,138.25912836258584,105.06076303764962,97.2128842082415,32.499449720804094],"K":[614.7142806307731,0.0,319.5,0.0,614.7142806307731,319.5,0.0,0.0,1.0],"solutions":[{"H":[25.635182258868824,49.38643422341135,355.72790993340556,-42.17226132373763,23.46855460201412,137.7068237721065,0.015450493586336314,0.0058373287615367045,1.0],"R":[0.3955828958273432,0.9082024985500317,-0.1366835548130545,-0.9003149464964186,0.412874515302022,0.13772302541431242,0.18151355223234528,0.06857737412295897,0.98099438026647],"t":[0.6923675017685299,-3.4743292531874994,11.748074662991172],"tilt":11.188423420160573},{"H":[-0.3431849692216834,49.31020562397219,354.255543655163,-52.287666530313714,23.43233058470442,140.94559653022287,-0.05764221375477955,0.005828318769158129,1.0],"R":[0.3459446126661937,0.9082024985500315,0.23556431519803064,-0.6483238600533188,0.41287451530202196,-0.639695870785239,-0.6782318906191319,0.06857737412295911,0.7316410638459255],"t":[0.665255293152045,-3.4177069190005147,11.766236000311395],"tilt":42.97585277962508}]},{"ellipse":[871.0179110703929,661.7046959480455,147.09665265549148,252.18076704478509,43.108058282732074],"K":[1662.8,0.0,539.5,0.0,1662.8,539.5,0.0,0.0,1.0],"solutions":[{"H":[100.15709184148176,-80.23282736145448,873.3729866472406,83.48174819719331,96.46231662005935,664.7979557947157,0.052045201019612,0.005840280033063001,1.0],"R":[0.5742607582245338,-0.6643288378543971,-0.4784263545817785,0.44140604938373385,0.7434251735771884,-0.5024735922007961,0.6894818932581394,0.07737057894803012,0.7201586716706384],"t":[2.6600110544660507,0.9982656903839,13.247751564996829],"tilt":43.93241778203853},{"H":[-4.9412992009487855,-80.15197334964866,866.7508049087685,3.528124173940721,96.36510746586018,658.8803376473353,-0.06868562697059084,0.005834394535988153,1.0],"R":[0.25611941863902526,-0.6643288378543971,0.7021894606094812,0.32366452348343755,0.7434251735771885,0.5852865003824764,-0.9108480222486336,0.07737057894803025,0.4054252999986553],"t":[2.609881328345974,0.9520786794833949,13.26111535152226],"tilt":66.08221862968199}]},{"ellipse":[166.84021574247583,768.1350695814327,146.46717856651853,212.41478455749748,135.23848557388703],"K":[1108.5125168440818,0.0,639.5,0.0,1108.5125168440818,479.5,0.0,0.0,1.0],"solutions":[{"H":[71.19501369388398,72.98595477765986,172.52936165704534,23.376385580140408,83.31510945385881,764.3112078641753,0.09242784123269862,0.007443750887916004,1.0],"R":[0.11482056892959353,0.6480885024636631,-0.7528595685286141,-0.19893924876444383,0.7575206153097901,0.6217601568786117,0.9732622525566905,0.0783824620376503,0.2159091878387604],"t":[-4.4358417397265555,2.70547511995388,10.529968455136599],"tilt":77.53112718689349},{"H":[48.93341956373997,73.23936481103651,165.1179285256442,-78.86400708005979,83.60438270830618,770.6519786658718,-0.04057338635274444,0.007469595876403181,1.0],"R":[0.7088390092849053,0.6480885024636631,0.2784394941282586,-0.5623852673354001,0.75752061530979,-0.33148956011429354,-0.425758229515396,0.07838246203765059,0.9014355881841096],"t":[-4.490652616038673,2.756137875525535,10.493534501011572],"tilt":25.652584762009663}]},{"ellipse":[76.78064035385991,254.1611113353323,41.836614809803535,17.830476700164386,118.3969314069326],"K":[614.7142806307731,0.0,319.5,0.0,614.7142806307731,319.5,0.0,0.0,1.0],"solutions":[{"H":[10.597737601982704,-10.017403830962712,77.07707373401779,12.51820673134211,17.780834965196338,254.24486680633026,0.03376548603764931,-0.002663207513412006,1.0],"R":[-0.009137998783842432,-0.4400844093623788,-0.897909911747494,0.08306378923462121,0.8945099778043765,-0.439263368067951,0.9965023351182941,-0.07859778778426266,0.02838104753540808],"t":[-11.638732909936145,-3.132901157253315,29.51245345638355],"tilt":88.37366737743324},{"H":[6.176418350209601,-10.020280346061753,76.6163118513327,-2.1095315676389084,17.78594076317693,254.01817942885023,-0.02379867520698524,-0.0026639722581256542,1.0],"R":[0.6613929118450237,-0.440084409362379,0.6073591431742235,0.26369837401977125,0.8945099778043765,0.36099178265958193,-0.7021556691364741,-0.07859778778426263,0.7076721020747747],"t":[-11.65750663004949,-3.142881941864478,29.503981336338494],"tilt":44.95417458367241}]},{"ellipse":[477.5397166834003,559.9924611483266,370.395591340262,208.68480736861554,123.06318720111787],"K":[1662.8,0.0,539.5,0.0,1662.8,539.5,0.0,0.0,1.0],"solutions":[{"H":[131.87983081387875,-102.14814348123608,486.0049867650907,108.77820529889561,152.69558254390074,564.7466143909164,0.09285245908294538,-0.00335215128353488,1.0],"R":[0.44373821903127364,-0.5444034389241419,-0.7118435844049742,0.3183979035184407,0.8382781825807909,-0.4426199991461163,0.837686795888544,-0.030242094778874486,0.5453129814128492],"t":[-0.2902428590091185,0.13697817979673912,9.021697477502839],"tilt":56.953945719959165},{"H":[44.58669271805123,-102.17672280197668,470.020196947507,6.581198267112108,152.73830418210648,554.3656039721782,-0.08981514218844755,-0.0033530891586977386,1.0],"R":[0.5046678193499894,-0.5444034389241419,0.6700263336616664,0.29852266064656624,0.8382781825807909,0.4562607913129742,-0.8100584011002057,-0.030242094778874583,0.5855687854644953],"t":[-0.37686458849859344,0.08063234893635725,9.019174065332596],"tilt":54.156817734351165}]},{"ellipse":[491.55937665045764,494.15235883972366,300.09864965240996,328.4464794786238,168.01549061533714],"K":[1108.5125168440818,0.0,639.5,0.0,1108.5125168440818,479.5,0.0,0.0,1.0],"solutions":[{"H":[185.87888404855906,33.52922967545163,503.2256426914972,9.397702913834635,161.39059136210264,492.129187204331,0.07887722701654655,0.001932176625813475,1.0],"R":[0.827371249945506,0.19727857746984073,-0.525868783666693,-0.1736390956327514,0.9802601510211101,0.09454893329863996,0.5341406923568465,0.013084310893069538,0.8452943402016851],"t":[-0.8324872138247981,0.07715051515380957,6.7717985603727735],"tilt":32.29651428055659},{"H":[125.4018436643756,33.601243794268775,485.1299859866274,-51.42889359991432,161.73722626349522,495.7709606757923,-0.04413791838624348,0.0019363265570362883,1.0],"R":[0.9364878523301107,0.1972785774698409,0.2899511429700063,-0.18448833468916337,0.9802601510211101,-0.07109212814151626,-0.2982525051055838,0.013084310893069597,0.9543973197818074],"t":[-0.9410107722588782,0.09918473719640136,6.757285255177338],"tilt":17.36989546413165}]},{"ellipse":[66.54743620484892,448.82209983917187,150.48447934430936,346.1054638237256,146.7461300391082],"K":[614.7142806307731,0.0,319.5,0.0,614.7142806307731,319.5,0.0,0.0,1.0],"solutions":[{"H":[82.05418713667439,91.46446711828379,84.78805800381198,81.91054153927267,144.18126660558744,439.53131106056827,0.27055867501638114,0.010039552709187516,1.0],"R":[-0.026372367455514866,0.5302751003271364,-0.847415374068607,-0.027235435883758142,0.8470143954987658,0.5308717781631289,0.9992811062293798,0.03708007269283707,-0.007895501382491106],"t":[-1.410223985508484,0.7211862866031428,3.6933988761176395],"tilt":89.54761639337462},{"H":[51.40151122714877,93.39738786647531,55.83657246632485,-122.49897642988873,147.22825272492997,457.6564479881059,-0.18334665531414468,0.010251718814184936,1.0],"R":[0.6471237440390716,0.5302751003271364,0.5477583206797498,-0.3761018354741964,0.8470143954987658,-0.37565146501884045,-0.6631578011708786,0.037080072692836974,0.7475605654094519],"t":[-1.5513881937275946,0.8129086551782504,3.6169615422470036],"tilt":41.62049391082622}]},{"ellipse":[120.21889093575588,650.3883533981822,339.2792266582333,226.6596338191312,40.75622688548593],"K":[1662.8,0.0,539.5,0.0,1662.8,539.5,0.0,0.0,1.0],"solutions":[{"H":[89.1283437082782,126.92630082821636,128.75908447634927,-24.988946268645133,122.01397071805096,644.7794502774236,0.08722674386053422,0.013410334577956666,1.0],"R":[0.251424620634148,0.715324883640166,-0.6519938427501888,-0.43058695165271593,0.6859667909032677,0.5865530145215302,0.8668220908614388,0.13326617208825242,0.48047850125843083],"t":[-2.454755608510144,0.6291930296252399,9.937572497804],"tilt":61.28334165260441},{"H":[71.29500156099277,127.1895776063629,117.27692455612414,-120.35177377526689,122.26705809938883,656.7530251177704,-0.05905337024723752,0.01343815095374729,1.0],"R":[0.6152161203084036,0.7153248836401658,0.331390157002074,-0.527772504739825,0.685966790903268,-0.500904926127228,-0.585632400532388,0.13326617208825225,0.7995466333014085],"t":[-2.518154409947553,0.6993014817335643,9.91700216398375],"tilt":36.91316919395101}]},{"ellipse":[331.0268386261029,374.49099646222976,99.96835075118715,56.43794138544274,103.19988917000177],"K":[1108.5125168440818,0.0,639.5,0.0,1108.5125168440818,479.5,0.0,0.0,1.0],"solutions":[{"H":[41.68755226788508,-11.193280704577075,332.19613397709486,22.907601481133447,49.00636213684525,374.83775234292943,0.0431555995226189,0.0011449476674632241,1.0],"R":[0.28224607755471154,-0.23889473646682788,-0.9291213357755944,0.04436136735222,0.9707125659189281,-0.2361126499231505,0.9583158251806245,0.0254247764107315,0.2845775113266036],"t":[-6.156004494759845,-2.096625972679988,22.206059834213352],"tilt":73.46640393077921},{"H":[17.65194630424467,-11.198856779356953,330.2063822413732,-4.2890403679338185,49.03077527783376,374.34806957459136,-0.029456548619839134,0.001145518037668468,1.0],"R":[0.7306029812498328,-0.238894736466828,0.6396472376844141,0.19692711507616528,0.9707125659189281,0.1376111395013849,-0.6537881882816752,0.02542477641073144,0.756250345856337],"t":[-6.1927787952921,-2.1053866217526824,22.195003111849484],"tilt":40.86525751582407}]},{"ellipse":[237.74279606553335,202.70338564625106,401.2954013759337,251.0409686383575,92.79408043912878],"K":[614.7142806307731,0.0,319.5,0.0,614.7142806307731,319.5,0.0,0.0,1.0],"solutions":[{"H":[186.37597381160342,-0.6193723796026637,269.46557180784913,66.08807121711166,203.36645199516144,215.7572411264985,0.2591370376573913,0.049336153556965134,1.0],"R":[0.543040633069331,-0.0858862229076435,-0.8353025963986457,-0.08758451505170861,0.9835362870565353,-0.1580674690320619,0.8351262321103421,0.15899663127784625,0.5265778647868513],"t":[-0.2623120697032717,-0.543885056352151,3.22272045578631],"tilt":58.22547480547578},{"H":[75.98868264807611,-0.6274623221227955,211.2956703206511,-33.05065810581611,206.0227262517233,210.67761855294114,-0.20645589977806758,0.049980558537852875,1.0],"R":[0.73460354511549,-0.08588622290764367,0.6730387717051768,0.1703208494227314,0.9835362870565352,-0.06039188931441109,-0.6567712233005294,0.15899663127784613,0.7371374576607969],"t":[-0.5599614819288191,-0.563159923107478,3.1811695573075607],"tilt":42.51186159838207}]},{"ellipse":[557.7706025754366,881.7937800716519,226.9738247605802,319.6792931038654,158.07381469529048],"K":[1662.8,0.0,539.5,0.0,1662.8,539.5,0.0,0.0,1.0],"solutions":[{"H":[142.18990446974598,51.655162254104376,563.7978873734827,14.963049969869159,131.48589554424964,876.0859881051252,0.06840941087640537,-0.01770729812033166,1.0],"R":[0.6725548076005019,0.39100226866129295,-0.6283209822019109,-0.1401785915294162,0.9009661711485345,0.41062138390831404,0.7266498422557325,-0.18808823553766477,0.6607592771971099],"t":[0.15521648062709636,2.150133124704781,10.62207425771527],"tilt":48.642194678768135},{"H":[71.22224711834505,51.686031293169535,550.5257069860471,-97.11853107566503,131.56447129677767,881.8458632344586,-0.059075280007399714,-0.017717879972242726,1.0],"R":[0.6581737516620839,0.39100226866129295,0.6433696748563611,-0.41655580229113276,0.9009661711485343,-0.12141343427949292,-0.6271272408376536,-0.18808823553766502,0.7558665487053119],"t":[0.07039086594619831,2.1856214568977816,10.615730314932069],"tilt":40.898855408228115}]},{"ellipse":[549.0963405847283,803.8411468364483,56.79898732752599,35.02214507683416,171.16887520473296],"K":[1108.5125168440818,0.0,639.5,0.0,1108.5125168440818,479.5,0.0,0.0,1.0],"solutions":[{"H":[11.135424205348427,29.67108723721191,549.1326898798585,1.5308717622318542,-1.5576111975121087,803.419235818873,0.023588206027859524,0.0028161577883611005,1.0],"R":[-0.14006954672189728,0.9884854454394982,0.057245490961289044,-0.3468608151378396,-0.10313810867052697,0.932228569322878,0.9273985642662144,0.11072061548845977,0.35731337548826936],"t":[-3.205104992767848,11.488614174709374,39.31619738995343],"tilt":69.06470739897273},{"H":[-10.283574383817676,29.675819294026287,549.20362075636,-29.820197229217474,-1.557859611216076,804.0990440872022,-0.015413889188368113,0.0028166069198184763,1.0],"R":[-0.015120666973603694,0.9884854454394982,-0.15055859186559278,-0.7953827264658125,-0.10313810867052703,-0.5972678201440932,-0.6059188756509271,0.11072061548845967,0.7877837656589357],"t":[-3.2020785704470547,11.510889492641956,39.30992809447312],"tilt":38.021119373272136}]},{"ellipse":[192.21081489502438,475.94721208039005,293.82376799945143,233.4703858724156,174.8809275230844],"K":[614.7142806307731,0.0,319.5,0.0,614.7142806307731,319.5,0.0,0.0,1.0],"solutions":[{"H":[39.62916329468256,152.44006652427655,199.3146091970652,-32.954807500829034,18.979260309417157,455.2811903993717,0.1763783154848871,0.04222159110042844,1.0],"R":[-0.11822216972794634,0.9822583420641409,-0.14557495674126744,-0.6313281302575706,0.0388057530778128,0.774544321180876,0.7664517666039375,0.18347387545225358,0.6155396221984692],"t":[-0.849606872064121,0.9598557003447047,4.345498847161915],"tilt":52.00885933119097},{"H":[-13.301500175671558,154.23567498237577,198.08319111519512,-159.85464043808292,19.202819122510622,486.45107083076266,-0.09027478702173321,0.042718923906841656,1.0],"R":[0.10858449396774267,0.982258342064141,-0.15289851900909462,-0.9153584473571345,0.0388057530778128,-0.4007655503907492,-0.38772196290860994,0.1834738754522535,0.9033321739564166],"t":[-0.8483194846127414,1.1664599626981489,4.294908641714854],"tilt":25.400416610389374}]},{"ellipse":[395.07063559121565,451.6914631152327,41.62829650077909,109.13558336327132,164.78359148230348],"K":[1662.8,0.0,539.5,0.0,1662.8,539.5,0.0,0.0,1.0],"solutions":[{"H":[32.34681826406808,15.213496017246865,395.7274574149668,8.642724000997687,53.72136852714554,451.6520306296565,0.030953065641521744,0.0023899388611505613,1.0],"R":[0.2876682273517393,0.25598289807610236,-0.9228866381440725,-0.14811090999350132,0.9639166110088873,0.22119657628914344,0.9462083012282259,0.07305835279899009,0.31520204278064784],"t":[-2.6431330337412424,-1.6150084405199587,30.569130443704488],"tilt":71.6269886407228},{"H":[8.575883958527934,15.214294219365867,394.5171389407967,-18.54024717909851,53.72418711073379,451.97344933649754,-0.029210556888598437,0.002390064253385265,1.0],"R":[0.44735394017661906,0.25598289807610236,0.8569406094362748,-0.051126371123730405,0.9639166110088873,-0.26124865778958656,-0.8928944766231744,0.07305835279899002,0.444299370584886],"t":[-2.6652438486596375,-1.609015017678793,30.567526666076393],"tilt":63.62147859029118}]},{"ellipse":[987.5607337164644,182.1376848731066,265.4738198735775,171.78859381614646,118.66950118963139],"K":[1108.5125168440818,0.0,639.5,0.0,1108.5125168440818,479.5,0.0,0.0,1.0],"solutions":[{"H":[141.53970546728206,-20.622563660404037,990.3245216440391,45.126869729695294,125.67879097552432,188.80228670095104,0.06309264623489298,0.038265441467862885,1.0],"R":[0.8166882810236096,-0.36393386713690573,-0.44785309197266776,0.12004291143844899,0.8662306050371087,-0.48500952393785557,0.5644554464721573,0.342340005327776,0.7511280647799654],"t":[2.831393725536263,-2.3461292774106512,8.94645382871877],"tilt":41.31181095361006},{"H":[-6.834626978280841,-20.5844902955509,978.3720331236003,17.012825500288383,125.446762865833,183.78062694446348,-0.0874927864350375,0.03819479583241894,1.0],"R":[0.39714104994327815,-0.36393386713690573,0.8425147635506026,0.47677305501186884,0.8662306050371087,0.14943892702938583,-0.7841979599977293,0.34234000532777586,0.5175295936345846],"t":[2.73998753540867,-2.391071900157365,8.963001316456964],"tilt":58.8333130674135}]},{"ellipse":[220.66433174239134,555.3425518292769,211.67761367383872,156.51919665051054,33.10009137174441],"K":[614.7142806307731,0.0,319.5,0.0,614.7142806307731,319.5,0.0,0.0,1.0],"solutions":[{"H":[74.17174114072665,87.01581736564313,226.06808378536405,19.83604177532158,49.70120800642144,544.1865530686694,0.15756111203509182,-0.009040776715874428,1.0],"R":[0.22847570252276062,0.8619440201099208,-0.45260508122808296,-0.2924594188253712,0.5041959689827727,0.8125600982092642,0.928582975127725,-0.05328162026694995,0.3672801754038345],"t":[-0.8957640589797718,2.1541476074686043,5.893478175762761],"tilt":68.452023865235},{"H":[24.099886475494145,87.89904048312489,217.06366753274676,-106.53650323720109,50.20568244804604,559.5799778895433,-0.07020478769318872,-0.009132541905666277,1.0],"R":[0.44161971197058697,0.8619440201099209,0.24904725695290092,-0.7982516144978606,0.5041959689827725,-0.32951598567153323,-0.40959295642207383,-0.05328162026695014,0.9107110842584238],"t":[-0.9722242913636919,2.278601554276544,5.834259597964892],"tilt":24.396196208638774}]},{"ellipse":[161.30222895258217,463.121322043452,327.9717344910028,280.55932349041484,20.37689145454014],"K":[1662.8,0.0,539.5,0.0,1662.8,539.5,0.0,0.0,1.0],"solutions":[{"H":[61.42921598174981,155.4057052615887,167.11079246137,-107.20636881542087,70.77586060883587,458.1375474020061,0.04839612775675709,0.02114159037600294,1.0],"R":[0.2211942345386014,0.9018226416183682,-0.371199452681911,-0.8349139706869025,0.371814260218717,0.4057989865066671,0.5039759638700165,0.2201592127585769,0.8351874932485588],"t":[-2.3321489239177984,-0.5095457989448864,10.413559663348298],"tilt":33.364633679256514},{"H":[46.66000734239061,155.45479696946998,162.31107882439173,-148.89667319406902,70.79821826853829,469.7790869937502,-0.04137363500227034,0.021148268874563447,1.0],"R":[0.4318690045699589,0.9018226416183682,-0.014320822470131445,-0.7924502546475997,0.37181426021871716,-0.4835046533457175,-0.43071075770255285,0.2201592127585768,0.87522463644302],"t":[-2.3614619520640345,-0.4365008463511374,10.41027112263445],"tilt":28.928427568475286}]},{"ellipse":[1062.444694318566,711.2224626395162,372.2996329933181,251.09695688751466,8.397402831699692],"K":[1108.5125168440818,0.0,639.5,0.0,1108.5125168440818,479.5,0.0,0.0,1.0],"solutions":[{"H":[127.29638819074306,125.5986299855453,1052.6329079996794,-42.096261780622406,-22.06002851724989,695.4580534309218,0.11786171263460415,-0.05472958283155165,1.0],"R":[0.3023637695463025,0.9351984084176808,0.18433688659296354,-0.5742331316152558,0.02435739615323592,0.8183294127721249,0.7608103978134677,-0.3532855136368755,0.5443867048645128],"t":[2.4057632174048744,1.2575709448129262,6.455110661527024],"tilt":57.017236852367866},{"H":[-81.44037717510562,126.06960716194509,1051.9828831047828,-182.9975319383862,-22.142750517828627,720.4156574093961,-0.08051074639294496,-0.05493481106047826,1.0],"R":[-0.17377562707750102,0.9351984084176809,0.3085546439884805,-0.8376886229206804,0.024357396153235664,-0.545604699651578,-0.5177642344379105,-0.35328551363687555,0.7791723451145155],"t":[2.393004550277786,1.397663486238283,6.430995334596492],"tilt":38.81514155708777}]},{"ellipse":[79.38365190583494,74.23420109966229,64.8187742062271,128.579784401458,102.07004730937122],"K":[614.7142806307731,0.0,319.5,0.0,614.7142806307731,319.5,0.0,0.0,1.0],"solutions":[{"H":[5.612734144897175,65.9467652278706,81.69358315658056,-28.612389346897363,13.152427691302345,72.79015000043026,0.05552762718960621,0.03553262451343673,1.0],"R":[-0.2061628419779247,0.9280141020479022,-0.3103009974006063,-0.7879363683454983,0.030593003530813418,0.6149962175277754,0.5802182020809865,0.3712868089970198,0.7249089207884796],"t":[-4.042336845124972,-4.193681272129695,10.449180551147215],"tilt":43.538728355945466},{"H":[-5.999231305880789,65.79986058310917,81.5399853198367,-39.22513390903178,13.123129018182217,77.44941656766423,-0.08671725821248251,0.03545347116052319,1.0],"R":[0.3698076703712093,0.9280141020479021,-0.045078967765964865,-0.19624161035513388,0.030593003530813435,-0.9800782103996536,-0.9081472993407198,0.3712868089970199,0.19342850918354215],"t":[-4.053978510686492,-4.123667016295646,10.472509371957944],"tilt":78.8470639234658}]},{"ellipse":[141.55257797972476,617.5228075150441,72.97983867817699,94.74434968841464,55.90263546957508],"K":[1662.8,0.0,539.5,0.0,1662.8,539.5,0.0,0.0,1.0],"solutions":[{"H":[-20.051042671316907,39.15911352029582,141.45974143919443,-20.106419224007173,-24.146668528978598,616.936118148169,0.0145008028647098,0.005941967919642406,1.0],"R":[-0.602776417605045,0.7774879543678552,0.17936853456533652,-0.603973928175179,-0.5914911436744098,0.5341850999788206,0.5214173802855752,0.2136602624907746,0.8261193665376096],"t":[-8.607567531903303,1.6745457325819377,35.95782834580381],"tilt":34.29785746877393},{"H":[-24.794579921318455,39.156194222639975,142.1993733403246,-40.76132010792485,-24.144868403631108,617.9083303274127,-0.018956150650542982,0.005941524948097354,1.0],"R":[-0.3150488498275623,0.7774879543678553,-0.5442946840041871,-0.6603532202831711,-0.5914911436744096,-0.46267899392168726,-0.681672829650688,0.21366026249077477,0.6997652788960007],"t":[-8.59221363703399,1.69569610488772,35.96050918867128],"tilt":45.591824673828704}]},{"ellipse":[1088.010804719873,508.9577026418221,346.51908707123283,262.6532106578081,34.42548241528153],"K":[1108.5125168440818,0.0,639.5,0.0,1108.5125168440818,479.5,0.0,0.0,1.0],"solutions":[{"H":[156.23503880084408,85.2183652845485,1087.8095855893575,-64.68290434332165,89.29373334949977,498.59726806308555,0.05917074291386769,-0.04277777404945337,1.0],"R":[0.7208116638973552,0.6853748482173003,-0.10340146333896294,-0.5665368509042398,0.6685162288174235,0.48179046106708856,0.39933262045196544,-0.28869944447269574,0.8701644034342726],"t":[2.729387445180361,0.11626751995522579,6.74881877067619],"tilt":29.52225014032473},{"H":[-29.216840095899723,84.82918209386473,1072.0134191848897,-151.0713770671902,88.8859383872638,514.7917816518262,-0.11217041115135049,-0.042582412515125345,1.0],"R":[0.26003325380428366,0.6853748482173002,0.6801794060004095,-0.5950095489772992,0.6685162288174235,-0.44614984975180877,-0.760490856974486,-0.2886994444726958,0.5816410295185244],"t":[2.645298407397877,0.21584831743197633,6.779781309247078],"tilt":54.433953122711706}]},{"ellipse":[357.5305953093905,84.18769711624081,342.64911798583057,323.8870121072181,9.127736273891017],"K":[614.7142806307731,0.0,319.5,0.0,614.7142806307731,319.5,0.0,0.0,1.0],"solutions":[{"H":[37.81451527939485,169.03209963256165,358.39183124222785,-157.04411838645808,27.238519737053075,78.80215836284833,0.03367818212956902,-4.004737563576659e-05,1.0],"R":[0.15800240674249716,0.987253951942609,-0.019101671059863774,-0.9800086312101309,0.15915279986015024,0.11938789323177064,0.12090625383835274,-0.00014377195733278277,0.9926639195177793],"t":[0.22713560290966026,-1.4057206264936135,3.590046914444309],"tilt":6.944412869705606},{"H":[-45.74865504227895,165.70925573175361,352.367792442902,-176.7208483149331,26.703063161810544,116.17037379176946,-0.20004937998358013,-3.92601217463341e-05,1.0],"R":[0.10822693770831954,0.987253951942609,0.11669003525571606,-0.6720132957278921,0.15915279986015016,-0.7232347590247664,-0.7325879198561879,-0.00014377195733279637,0.6806724021219078],"t":[0.19580319613947555,-1.211294940193472,3.6620354430307063],"tilt":47.10379071294377}]},{"ellipse":[400.2313839738046,382.40036039472204,73.95962677191929,54.61913466896806,56.469864960403896],"K":[1662.8,0.0,539.5,0.0,1662.8,539.5,0.0,0.0,1.0],"solutions":[{"H":[28.810639563229543,21.435655074247926,400.6277189896457,-9.266897598764183,31.923068146307525,382.2614471061457,0.014917546314195205,0.0027341185946722297,1.0],"R":[0.5658891436526368,0.5440297973704578,-0.6195167928871212,-0.4719211830063512,0.8298661827390336,0.29767854436628627,0.6760620342290872,0.12391004123638978,0.7263514490622462],"t":[-3.7849897357092703,-4.285565877013597,45.31992192213015],"tilt":43.41861113334458},{"H":[17.104085747027582,21.43583995204276,399.95977336772205,-20.45281865993952,31.923343475725854,382.69932772944117,-0.01432785376820695,0.002734142175841774,1.0],"R":[0.6768484187694177,0.5440297973704576,0.49589091298631166,-0.34676313731524305,0.8298661827390336,-0.43712406173240437,-0.6493316137449561,0.1239100412363896,0.7503430929062834],"t":[-3.8031619158946235,-4.273594500728154,45.319531051175446],"tilt":41.379893599768984}]},{"ellipse":[1010.7264091688495,707.4557675355508,80.36379717498666,66.33651152625491,35.51086256971438],"K":[1108.5125168440818,0.0,639.5,0.0,1108.5125168440818,479.5,0.0,0.0,1.0],"solutions":[{"H":[34.08618871283671,19.504092767771695,1010.6104980492813,-16.571342813570816,15.746167245304884,706.808526668094,0.013367262303094672,-0.012257962537469833,1.0],"R":[0.6825585525444302,0.7308077220241738,-0.005822008097770781,-0.6142199243997922,0.5779486342641964,0.5373167228204088,0.3960400318386589,-0.3631741312125472,0.8433604470208725],"t":[9.918802781342947,6.075356149690643,29.62760981708058],"tilt":32.50330545474146},{"H":[4.6447507681188,19.503408977924828,1010.010769003631,-37.178065501977805,15.745615203770953,707.5668754065445,-0.015772999684116377,-0.012257532788164072,1.0],"R":[0.39375011144918093,0.7308077220241738,0.557566967425076,-0.7915560817251925,0.5779486342641964,-0.19853046525914003,-0.46733266440258375,-0.3631741312125471,0.8060426360933979],"t":[9.90312080042404,6.0958385198896465,29.628648561579187],"tilt":36.28893123560352}]},{"ellipse":[357.14537095964505,390.42898263049904,267.64036042211393,109.64484741439276,113.75185044231335],"K":[614.7142806307731,0.0,319.5,0.0,614.7142806307731,319.5,0.0,0.0,1.0],"solutions":[{"H":[115.61330103628754,-58.97781037456594,367.2005671581694,93.76845550523937,113.98138263633518,392.54112488115965,0.18335885578247066,-0.01624552724862606,1.0],"R":[0.4349173912884789,-0.41018762191955405,-0.8016189728161411,0.268326495147134,0.9088158436173028,-0.31945994176457454,0.859562536850507,-0.07615692492578272,0.5053240228100873],"t":[0.36376911972371123,0.5570186537519733,4.687870314102834],"tilt":59.64713591947818},{"H":[-21.885500553410726,-58.774550941999486,348.0129003715768,-55.39225017658832,113.58856047134358,383.88090679115516,-0.2